50	60	2017-3-2	8	35	1.00	
47	0	2017-3-2	8	35	2.00	
5	0	2017-3-2	8	35	3.00	
7	0	2017-3-2	8	35	1.00	
2	0	2017-3-2	8	35	1.00	
46	0	2017-3-2	8	35	1.00	
4	0	2017-3-2	8	35	1.00	
51	0	2017-3-8	8	35	2.00	
50	45	2017-3-8	8	35	0.75	
47	0	2017-3-8	8	35	2.00	
5	0	2017-3-8	8	35	3.00	
7	0	2017-3-8	8	35	1.00	
2	0	2017-3-8	8	35	1.00	
3	0	2017-3-8	8	35	1.00	
46	0	2017-3-8	8	35	1.00	
4	0	2017-3-8	8	35	1.00	
4	0	2017-3-9	8	35	1.00	
51	0	2017-3-9	8	35	2.00	
50	60	2017-3-9	8	35	1.00	
28	90	2017-3-9	8	35	4.50	
47	0	2017-3-9	8	35	2.00	
5	0	2017-3-9	8	35	3.00	
6	0	2017-3-9	8	35	1.00	
8	0	2017-3-9	8	35	1.00	
7	0	2017-3-9	8	35	1.00	
46	0	2017-3-9	8	35	1.00	
4	0	2017-3-10	8	35	1.00	
50	60	2017-3-10	8	35	1.00	
47	0	2017-3-10	8	35	2.00	
5	0	2017-3-10	8	35	3.00	
6	0	2017-3-10	8	35	1.00	
8	0	2017-3-10	8	35	1.00	
7	0	2017-3-10	8	35	1.00	
2	0	2017-3-10	8	35	1.00	
3	0	2017-3-10	8	35	1.00	
46	0	2017-3-10	8	35	1.00	
47	0	2017-3-11	8	35	2.00	
5	0	2017-3-11	8	35	3.00	
6	0	2017-3-11	8	35	1.00	
8	0	2017-3-11	8	35	1.00	
7	0	2017-3-11	8	35	1.00	
2	0	2017-3-11	8	35	1.00	
3	0	2017-3-11	8	35	1.00	
46	0	2017-3-11	8	35	1.00	
4	0	2017-3-11	8	35	1.00	
47	0	2017-3-12	8	35	2.00	
5	0	2017-3-12	8	35	3.00	
8	0	2017-3-12	8	35	1.00	
7	0	2017-3-12	8	35	1.00	
2	0	2017-3-12	8	35	1.00	
46	0	2017-3-12	8	35	1.00	
4	0	2017-3-12	8	35	1.00	
50	60	2017-3-14	8	35	1.00	
47	0	2017-3-14	8	35	2.00	
5	0	2017-3-14	8	35	3.00	
6	0	2017-3-14	8	35	1.00	
8	0	2017-3-14	8	35	1.00	
7	0	2017-3-14	8	35	1.00	
2	0	2017-3-14	8	35	1.00	
46	0	2017-3-14	8	35	1.00	
4	0	2017-3-14	8	35	1.00	
50	60	2017-3-15	8	35	1.00	
47	0	2017-3-15	8	35	2.00	
5	0	2017-3-15	8	35	3.00	
6	0	2017-3-15	8	35	1.00	
7	0	2017-3-15	8	35	1.00	
2	0	2017-3-15	8	35	1.00	
46	0	2017-3-15	8	35	1.00	
4	0	2017-3-15	8	35	1.00
